 5.59093 6.76213 7.80426 7.47479 6.15541 6.29425 9.01526 7.18473 8.17736 7.69844 6.74895 7.56267 7.92859 7.94054 8.0941 5.97569 7.53109 10.346 8.17583 9.75697 9.14345 8.92524 7.79798 8.98646 9.65876 7.17072 6.09554 7.65385 8.34087 7.40797 9.34568
 6.4442 6.12663 8.16604 6.72097 5.76485 5.29629 9.12655 8.86217 8.48079 8.96502 7.75541 9.14099 8.9001 8.8755 9.07074 7.0589 6.0401 8.25449 7.37394 7.3574 8.18913 8.0213 6.94159 7.64135 9.31872 7.10439 7.62299 6.80801 8.21134 6.83643 8.46854
 6.55832 7.6488 8.91335 8.39022 7.2185 6.79543 10.3634 10.1187 8.12396 7.32109 7.80959 7.14288 7.17653 7.25537 6.59949 5.98335 6.05776 9.15045 7.31866 7.85347 8.11297 8.29903 7.80089 7.70239 7.74808 6.05419 5.8768 6.0664 6.75147 5.50403 7.201
 7.39157 7.31931 9.46471 8.95228 6.85384 6.9868 11.0341 10.4574 8.54989 7.60434 7.52958 8.14301 7.78955 8.52122 7.82996 6.1065 5.92865 7.87955 7.70219 6.90677 7.26369 8.30793 7.15445 9.11249 8.76926 6.5767 5.4803 6.31448 6.26836 5.36229 7.18568
 6.86014 7.29991 7.53422 7.19677 6.49263 5.96351 9.6473 9.99605 7.37502 6.01322 6.1638 6.62418 7.22941 6.21363 7.02387 5.31567 7.30978 10.7009 8.74041 8.94847 9.20379 9.11497 8.88232 8.18367 9.64515 7.60557 7.04059 6.79228 7.60466 6.35553 8.72171
 5.12883 6.81489 7.48937 6.55476 6.00603 6.57548 8.46366 8.17972 8.10689 6.54061 6.08808 7.47229 7.38486 6.74501 7.01868 6.4368 7.06206 9.68999 7.99509 8.02562 8.75592 8.73539 8.75793 8.3781 10.7288 6.99485 6.66292 7.20447 7.39195 7.28908 8.1964
 5.60713 7.17034 7.66077 6.98864 6.16055 5.59164 8.68072 7.59159 7.22212 7.4379 7.47044 7.5568 7.96283 8.07598 8.38518 6.02849 5.25977 8.01572 6.95145 6.95207 5.85518 7.33871 6.07537 7.10202 10.0685 6.66725 7.26398 7.26844 7.42182 7.12811 8.26897
 5.64624 6.09186 7.18059 7.21934 5.47736 6.0304 8.62011 8.26892 8.60336 8.11936 8.6437 8.29019 8.90269 9.09233 8.83285 6.33175 7.00719 9.12562 8.61817 8.22347 8.34602 8.49631 7.14486 8.25947 11.8754 8.68729 8.97871 8.39044 8.94063 7.88046 11.0912
 5.08265 6.57014 7.68141 7.7757 6.02053 5.96467 8.38734 7.00669 8.17387 7.10955 6.39575 7.4784 7.95981 7.94629 7.41624 5.83806 6.80939 10.3524 8.31675 9.02255 9.25139 8.74394 7.90846 8.84825 9.93269 7.62701 6.73485 7.79704 8.33819 7.36219 9.33886
 6.87437 6.6265 8.2279 6.65188 5.31505 5.32692 9.36346 8.41726 9.22 8.44585 8.13254 9.28942 9.21407 9.4769 9.47986 7.6883 6.35212 7.88418 8.53711 7.71094 8.65364 8.64075 7.04418 8.32576 10.6869 7.02706 8.02181 8.09325 8.39003 7.34067 9.77686
 6.70586 7.57238 8.49813 7.87602 6.38589 6.26137 10.1484 9.19453 7.58834 7.09158 7.67913 6.29405 6.71851 7.31886 6.64101 5.43531 5.93804 8.56501 6.81542 7.94952 7.21256 7.66552 6.8887 6.98967 7.98069 5.61797 5.39117 6.10811 6.36149 5.12372 7.68701
 7.45123 7.37974 9.17697 8.60068 6.99846 7.4512 11.4775 10.8033 8.90576 7.84943 8.15062 8.33761 7.7083 8.43619 7.92131 6.03351 6.16689 7.77433 7.81445 7.12946 6.89262 8.39798 7.03571 9.30853 7.86321 5.71852 4.4778 5.63652 6.52039 5.04509 6.94573
 6.68469 7.22408 7.70531 7.31314 6.44459 6.2774 9.35502 9.81163 6.87902 5.92056 5.80503 6.54783 6.85418 6.48133 7.06852 4.71432 7.27605 10.719 8.38249 9.47242 8.78269 8.95233 8.67973 7.76531 10.3965 8.60003 7.45049 6.99794 7.73156 6.88585 9.06998
 5.42155 7.09013 8.05752 7.19023 6.27823 6.48927 9.26788 8.67998 8.64499 7.41031 6.57536 7.14015 7.36957 7.46014 7.63079 6.35685 7.28226 10.5774 8.08544 8.56538 8.94159 8.86203 8.6419 8.5564 10.4509 7.7035 6.80661 7.40023 7.93182 7.6788 9.22589
 5.92357 7.73323 8.17255 8.0788 7.28839 6.72466 9.27574 8.57959 7.93944 8.04741 7.95772 8.49207 8.59235 8.30592 9.14164 6.68613 5.77002 8.64338 7.49417 7.59627 6.81488 7.98678 6.96071 7.55524 10.3532 7.95007 8.0191 7.26238 7.80272 7.5478 8.34672
 5.22018 5.31424 6.7845 6.36385 5.21531 5.85673 8.02728 7.78617 8.10179 7.85141 7.87197 8.49561 8.61032 7.86148 8.42902 6.31622 6.38003 8.56899 8.01845 7.13829 8.18242 7.83013 7.19197 8.34304 11.0647 8.19606 8.81064 7.7395 9.18107 7.36274 10.374
 5.2677 6.61667 7.79054 7.72937 6.69697 6.74448 9.16805 7.91791 8.82946 7.86107 7.08402 8.17697 8.14577 7.70309 7.81571 6.15844 7.30025 10.719 8.47825 9.30649 9.44509 9.08738 8.26398 9.45744 10.1117 7.70563 6.74401 7.7804 8.96727 7.61768 9.63962
 6.42688 6.29843 7.86404 6.53973 5.42758 5.59318 8.87889 8.44803 8.77393 8.2949 7.86489 9.39381 8.96809 9.01488 9.01267 7.19073 5.95303 7.6926 7.98074 7.39006 8.18036 8.20897 6.94623 7.83609 9.92914 6.93468 7.55484 7.01016 8.03921 6.4051 8.62102
 6.58831 7.66476 8.54669 8.12915 6.56671 6.55924 9.77587 9.214 7.82891 6.59037 7.44369 6.94878 7.12731 7.18154 6.49549 5.97012 5.80926 8.41194 7.37987 7.66083 7.95271 8.05517 7.52073 7.38647 8.44192 5.86848 6.08142 6.5068 6.4624 5.76789 7.66382
 7.05114 7.10181 8.63464 8.48261 6.4374 6.38462 10.143 9.83401 7.77117 6.85527 7.03489 7.75272 7.74246 7.8186 6.99848 5.95093 5.33422 7.05879 7.24234 5.96913 6.91843 7.78563 6.92135 8.39542 7.4939 5.4136 4.72405 5.43005 5.31972 5.03706 6.16062
 6.54562 7.14955 7.36765 7.2067 6.14523 5.86079 9.50488 9.76884 7.48828 5.78746 6.27415 6.2407 6.85761 6.5545 6.72858 4.69867 6.87342 10.7092 8.71982 8.86364 8.56266 8.76649 8.41071 7.92965 10.4116 8.72972 7.53215 7.19623 7.9893 6.91589 10.114
 5.21311 6.92587 7.98022 7.05668 6.19632 6.75779 8.67303 8.38415 8.47859 6.75466 6.1101 7.66947 7.49683 7.14038 7.35421 6.57112 7.14067 10.1545 8.28149 8.30433 9.17203 8.96663 8.98756 8.68467 11.1569 7.39747 6.86761 7.52713 7.75274 7.42231 8.62952
 6.40088 7.69004 9.25642 8.28829 7.32021 6.82342 10.0312 9.53106 8.73706 9.38506 8.39712 9.04245 8.83735 8.87185 9.93578 6.79461 6.50642 9.97808 7.30272 8.4365 7.79299 8.64943 7.10651 8.27169 10.1445 7.8905 7.85165 7.07181 7.82969 8.0797 8.77336
 6.05679 5.91811 8.29589 7.53892 6.0511 6.60141 9.15895 8.94428 9.2826 8.88666 8.31653 9.58406 9.11162 9.23855 9.55619 6.99941 7.77736 9.9531 9.10245 8.83967 9.51738 9.42976 7.73063 9.53183 11.9698 9.09874 8.98509 8.59712 9.94987 8.05229 11.5369
 5.29592 6.51642 7.72728 7.70963 6.70423 6.7803 8.98115 7.79516 8.7112 7.82442 6.86654 8.35483 8.24329 7.36485 7.84927 6.31483 7.24451 10.5708 8.32037 9.0938 9.60034 8.95888 8.36039 9.39576 9.8777 7.60454 6.73742 7.49715 8.74093 7.25329 9.13934
 6.16053 6.05906 7.63021 6.34876 5.70527 5.40596 9.0907 8.96272 8.46885 8.80164 8.09896 8.98926 8.66493 8.76697 8.62214 6.64757 5.83698 7.98859 7.3008 7.19812 7.54174 7.85438 6.65469 7.43508 9.23862 7.37047 7.3617 6.57164 8.11809 7.16807 9.04081
 6.7761 7.73609 8.59881 8.02758 6.66853 7.08556 10.2996 9.46877 8.34491 6.94334 7.96596 7.21929 7.0644 7.32193 6.90857 5.96433 6.11612 8.51138 7.58473 8.09471 7.77737 8.1775 7.43551 7.71729 8.09168 6.1422 5.63081 6.19269 6.79613 5.665 8.09438
 7.33634 6.88692 8.66611 8.2641 6.38143 6.567 10.3147 9.6653 7.41852 7.42116 6.91335 7.69982 7.49588 7.45237 7.52981 5.71997 5.59069 7.00495 6.46377 6.27814 6.51877 7.29969 6.54674 8.0307 7.29079 5.36471 4.83489 5.169 5.62819 5.00587 5.77307
 7.24125 7.51589 8.82227 8.12633 7.12294 6.89158 10.3439 10.6293 8.25334 6.70541 6.2573 7.56001 7.52128 6.92951 8.13086 5.81524 7.93844 11.7174 9.39198 9.97527 10.2217 9.8512 9.59923 9.16926 11.3143 9.02238 8.2446 7.96537 8.92183 7.14043 9.78236
 5.36506 6.94337 7.94067 7.2552 5.77517 5.57458 8.59577 7.91722 7.96032 7.01085 5.84755 6.50312 7.34006 7.28652 7.34517 6.2798 6.82498 10.3122 7.63135 7.99028 8.97238 8.36597 8.38343 7.92878 10.8448 7.49033 7.37789 7.76435 7.37958 7.49852 8.82753
 5.96652 7.39813 7.87948 7.07911 6.33855 5.85273 9.52968 7.95212 7.95938 8.01027 8.22752 7.58587 8.12153 8.29779 9.02271 6.33738 5.61746 8.35089 7.27949 7.28318 5.94878 7.46763 6.15669 7.57164 10.2505 6.78 7.44637 7.64431 8.01461 7.45441 8.87045
